[
    [
        0,
        10,
        10,
        13,
        6,
        9,
        11
    ],
    [
        10,
        0,
        9,
        13,
        13,
        11,
        8
    ],
    [
        10,
        9,
        0,
        18,
        9,
        6,
        14
    ],
    [
        13,
        13,
        18,
        0,
        14,
        7,
        18
    ],
    [
        6,
        13,
        9,
        14,
        0,
        11,
        11
    ],
    [
        9,
        11,
        6,
        7,
        11,
        0,
        11
    ],
    [
        11,
        8,
        14,
        18,
        11,
        11,
        0
    ]
]